$MeshFormat
2.2 0 8
$EndMeshFormat
$Nodes
289
1 0 0 0
2 0.1 0 0
3 0.1 0.05 0
4 0 0.05 0
5 0.00624999999998544 0 0
6 0.01249999999997377 0 0
7 0.0187499999999547 0 0
8 0.02499999999993564 0 0
9 0.03124999999991554 0 0
10 0.03749999999989544 0 0
11 0.04374999999987535 0 0
12 0.04999999999985524 0 0
13 0.05624999999987471 0 0
14 0.06249999999989544 0 0
15 0.06874999999991456 0 0
16 0.0749999999999416 0 0
17 0.0812499999999502 0 0
18 0.08749999999996476 0 0
19 0.09374999999998837 0 0
20 0.1 0.00312499999999272 0
21 0.1 0.006249999999986884 0
22 0.1 0.009374999999977351 0
23 0.1 0.01249999999996782 0
24 0.1 0.01562499999995777 0
25 0.1 0.01874999999994772 0
26 0.1 0.02187499999993767 0
27 0.1 0.02499999999992762 0
28 0.1 0.02812499999993736 0
29 0.1 0.03124999999994772 0
30 0.1 0.03437499999995728 0
31 0.1 0.0374999999999708 0
32 0.1 0.0406249999999751 0
33 0.1 0.04374999999998238 0
34 0.1 0.04687499999999419 0
35 0.09375000000000508 0.05 0
36 0.08750000000001182 0.05 0
37 0.08125000000003177 0.05 0
38 0.07500000000005172 0.05 0
39 0.06875000000007669 0.05 0
40 0.06250000000010165 0.05 0
41 0.05625000000012662 0.05 0
42 0.05000000000015159 0.05 0
43 0.04375000000013227 0.05 0
44 0.03750000000010972 0.05 0
45 0.03125000000008366 0.05 0
46 0.02500000000006457 0.05 0
47 0.01875000000004642 0.05 0
48 0.01250000000002305 0.05 0
49 0.00625000000000861 0.05 0
50 0 0.04687500000000254 0
51 0 0.04375000000000591 0
52 0 0.04062500000001588 0
53 0 0.03750000000002586 0
54 0 0.03437500000003835 0
55 0 0.03125000000005083 0
56 0 0.02812500000006331 0
57 0 0.02500000000007579 0
58 0 0.02187500000006613 0
59 0 0.01875000000005486 0
60 0 0.01562500000004183 0
61 0 0.01250000000003228 0
62 0 0.009375000000023212 0
63 0 0.006250000000011524 0
64 0 0.003125000000004305 0
65 0.05000000000000342 0.02500000000000171 0
66 0.02500000000000171 0.02500000000003875 0
67 0.0500000000000775 0.03750000000000085 0
68 0.02500000000003314 0.03750000000001336 0
69 0.04999999999992933 0.01250000000000085 0
70 0.02499999999996867 0.01250000000001657 0
71 0.0750000000000017 0.02499999999996467 0
72 0.07499999999997164 0.01249999999998434 0
73 0.07500000000002671 0.03749999999998583 0
74 0.01250000000001657 0.03750000000001961 0
75 0.02500000000004885 0.04375000000000668 0
76 0.01250000000001981 0.04375000000000629 0
77 0.01250000000000085 0.02500000000005728 0
78 0.02500000000001742 0.03125000000002606 0
79 0.01250000000000871 0.03125000000003844 0
80 0.03750000000000256 0.02500000000002023 0
81 0.05000000000004046 0.03125000000000128 0
82 0.03750000000005532 0.0375000000000071 0
83 0.03750000000002894 0.03125000000001366 0
84 0.05000000000011455 0.04375000000000043 0
85 0.03750000000008252 0.04375000000000356 0
86 0.01249999999998434 0.01250000000002443 0
87 0.02499999999998519 0.01875000000002766 0
88 0.0124999999999926 0.01875000000004126 0
89 0.02499999999995215 0.006250000000008285 0
90 0.01249999999997905 0.006250000000009904 0
91 0.04999999999989228 0.006250000000000427 0
92 0.037499999999949 0.01250000000000871 0
93 0.03749999999992222 0.006250000000004356 0
94 0.04999999999996638 0.01875000000000128 0
95 0.03749999999997578 0.01875000000001447 0
96 0.06249999999995048 0.0124999999999926 0
97 0.07499999999998667 0.0187499999999745 0
98 0.06250000000000255 0.02499999999998319 0
99 0.06249999999997652 0.01874999999998789 0
100 0.07499999999995663 0.006249999999992168 0
101 0.06249999999992297 0.006249999999996298 0
102 0.08749999999998583 0.01249999999997608 0
103 0.08749999999997529 0.006249999999989526 0
104 0.08750000000000085 0.02499999999994614 0
105 0.08749999999999335 0.01874999999996111 0
106 0.06250000000005211 0.03749999999999334 0
107 0.07500000000003922 0.04374999999999292 0
108 0.06250000000007688 0.04374999999999668 0
109 0.07500000000001421 0.03124999999997525 0
110 0.06250000000002733 0.03124999999998827 0
111 0.08750000000001336 0.03749999999997831 0
112 0.08750000000000711 0.03124999999996148 0
113 0.08750000000001258 0.04374999999998765 0
114 0.006250000000009904 0.0437500000000061 0
115 0.01250000000002143 0.04687500000000315 0
116 0.006250000000009257 0.04687500000000284 0
117 0.006250000000008285 0.03750000000002274 0
118 0.01250000000001819 0.04062500000001295 0
119 0.006250000000009094 0.04062500000001443 0
120 0.01875000000002485 0.03750000000001648 0
121 0.025000000000041 0.04062500000001001 0
122 0.01875000000003433 0.04375000000000649 0
123 0.01875000000002959 0.04062500000001148 0
124 0.02500000000005671 0.04687500000000334 0
125 0.01875000000004038 0.04687500000000325 0
126 0.006250000000004356 0.03125000000004463 0
127 0.01250000000001264 0.03437500000002902 0
128 0.00625000000000632 0.03437500000003368 0
129 0.006250000000000427 0.02500000000006653 0
130 0.01250000000000478 0.02812500000004786 0
131 0.006250000000002392 0.02812500000005558 0
132 0.01875000000000128 0.02500000000004801 0
133 0.02500000000000957 0.0281250000000324 0
134 0.01875000000001307 0.03125000000003225 0
135 0.01875000000000718 0.02812500000004013 0
136 0.02500000000002528 0.03437500000001971 0
137 0.01875000000001896 0.03437500000002437 0
138 0.03125000000002318 0.03125000000001986 0
139 0.03750000000004213 0.03437500000001038 0
140 0.03125000000004423 0.03750000000001023 0
141 0.0312500000000337 0.03437500000001505 0
142 0.03125000000000214 0.02500000000002949 0
143 0.03750000000001575 0.02812500000001695 0
144 0.03125000000001266 0.02812500000002468 0
145 0.04375000000000299 0.02500000000001097 0
146 0.05000000000002194 0.02812500000000149 0
147 0.0437500000000347 0.03125000000000747 0
148 0.04375000000001884 0.02812500000000922 0
149 0.05000000000005898 0.03437500000000106 0
150 0.04375000000006642 0.03750000000000397 0
151 0.04375000000005055 0.03437500000000572 0
152 0.03125000000006568 0.04375000000000512 0
153 0.03750000000009612 0.04687500000000178 0
154 0.03125000000007467 0.04687500000000255 0
155 0.03750000000006892 0.04062500000000533 0
156 0.03125000000005496 0.04062500000000767 0
157 0.05000000000009602 0.04062500000000064 0
158 0.04375000000009854 0.043750000000002 0
159 0.04375000000008247 0.04062500000000299 0
160 0.05000000000013307 0.04687500000000022 0
161 0.0437500000001154 0.046875000000001 0
162 0.006249999999996298 0.01875000000004806 0
163 0.01249999999999673 0.02187500000004927 0
164 0.006249999999998363 0.0218750000000577 0
165 0.006249999999992168 0.01250000000002835 0
166 0.01249999999998846 0.01562500000003284 0
167 0.006249999999994232 0.01562500000003733 0
168 0.0187499999999765 0.0125000000000205 0
169 0.02499999999997693 0.01562500000002211 0
170 0.01874999999998889 0.01875000000003446 0
171 0.0187499999999827 0.01562500000002748 0
172 0.02499999999999345 0.02187500000003321 0
173 0.01874999999999508 0.02187500000004124 0
174 0.006249999999989526 0.006250000000010714 0
175 0.01249999999998169 0.009375000000017165 0
176 0.006249999999990847 0.009375000000020188 0
177 0.01249999999997641 0.003125000000004952 0
178 0.006249999999987483 0.003125000000004628 0
179 0.02499999999994389 0.003125000000004142 0
180 0.0187499999999656 0.006250000000009094 0
181 0.01874999999996015 0.003125000000004547 0
182 0.02499999999996041 0.009375000000012427 0
183 0.01874999999997105 0.009375000000014797 0
184 0.03124999999993719 0.00625000000000632 0
185 0.03749999999993561 0.009375000000006534 0
186 0.03124999999995884 0.01250000000001264 0
187 0.03124999999994801 0.00937500000000948 0
188 0.03749999999990883 0.003125000000002178 0
189 0.03124999999992636 0.00312500000000316 0
190 0.04999999999987376 0.003125000000000214 0
191 0.04374999999990725 0.006250000000002392 0
192 0.04374999999989131 0.003125000000001196 0
193 0.04999999999991081 0.00937500000000064 0
194 0.04374999999993917 0.01250000000000478 0
195 0.04374999999992321 0.009375000000003585 0
196 0.03124999999998049 0.01875000000002107 0
197 0.03749999999998917 0.02187500000001735 0
198 0.03124999999999131 0.02187500000002528 0
199 0.0374999999999624 0.01562500000001159 0
200 0.03124999999996966 0.01562500000001685 0
201 0.04999999999994785 0.01562500000000107 0
202 0.04374999999997108 0.01875000000000787 0
203 0.04374999999995512 0.01562500000000633 0
204 0.0499999999999849 0.02187500000000149 0
205 0.04374999999998703 0.02187500000000942 0
206 0.05624999999997145 0.01874999999999458 0
207 0.06249999999998954 0.02187499999998554 0
208 0.05625000000000299 0.02499999999999245 0
209 0.05624999999998722 0.02187499999999351 0
210 0.0562499999999399 0.01249999999999673 0
211 0.0624999999999635 0.01562499999999024 0
212 0.05624999999995568 0.01562499999999565 0
213 0.06874999999996106 0.01249999999998846 0
214 0.07499999999997917 0.01562499999997942 0
215 0.0687499999999816 0.0187499999999812 0
216 0.06874999999997133 0.01562499999998483 0
217 0.07499999999999418 0.02187499999996959 0
218 0.06875000000000213 0.02499999999997393 0
219 0.06874999999999185 0.02187499999997756 0
220 0.05624999999990762 0.006249999999998363 0
221 0.06249999999993673 0.009374999999994447 0
222 0.05624999999992376 0.009374999999997545 0
223 0.06249999999990921 0.003124999999998149 0
224 0.05624999999989116 0.003124999999999181 0
225 0.07499999999994911 0.003124999999996084 0
226 0.0687499999999398 0.006249999999994232 0
227 0.06874999999992717 0.003124999999997116 0
228 0.07499999999996414 0.009374999999988252 0
229 0.06874999999995043 0.009374999999991349 0
230 0.08124999999996596 0.006249999999990847 0
231 0.08749999999998057 0.009374999999982802 0
232 0.08124999999997873 0.01249999999998021 0
233 0.08124999999997234 0.009374999999985527 0
234 0.08749999999997002 0.003124999999994763 0
235 0.08124999999995806 0.003124999999995424 0
236 0.09374999999998765 0.006249999999988205 0
237 0.09374999999998801 0.003124999999993741 0
238 0.09374999999999292 0.01249999999997195 0
239 0.09374999999999029 0.009374999999980076 0
240 0.08124999999999001 0.01874999999996781 0
241 0.08749999999999711 0.02187499999995363 0
242 0.08125000000000128 0.02499999999995541 0
243 0.08124999999999565 0.02187499999996161 0
244 0.08749999999998959 0.01562499999996859 0
245 0.08124999999998436 0.01562499999997401 0
246 0.09374999999999667 0.01874999999995441 0
247 0.09374999999999481 0.01562499999996318 0
248 0.09375000000000043 0.02499999999993688 0
249 0.09374999999999856 0.02187499999994565 0
250 0.05625000000009572 0.04374999999999855 0
251 0.06250000000008926 0.04687499999999834 0
252 0.05625000000011117 0.04687499999999928 0
253 0.0562500000000648 0.0374999999999971 0
254 0.0625000000000645 0.04062499999999501 0
255 0.05625000000008026 0.04062499999999782 0
256 0.06875000000003942 0.03749999999998958 0
257 0.07500000000003296 0.04062499999998938 0
258 0.06875000000005804 0.0437499999999948 0
259 0.06875000000004873 0.0406249999999922 0
260 0.07500000000004547 0.04687499999999646 0
261 0.06875000000006737 0.0468749999999974 0
262 0.05625000000003389 0.03124999999999478 0
263 0.06250000000003972 0.03437499999999081 0
264 0.05625000000004934 0.03437499999999594 0
265 0.06250000000001493 0.02812499999998573 0
266 0.05625000000001844 0.02812499999999361 0
267 0.07500000000000795 0.02812499999996996 0
268 0.06875000000002077 0.03124999999998176 0
269 0.06875000000001144 0.02812499999997784 0
270 0.07500000000002047 0.03437499999998054 0
271 0.06875000000003009 0.03437499999998567 0
272 0.08125000000001066 0.03124999999996837 0
273 0.08750000000001024 0.0343749999999699 0
274 0.08125000000002003 0.03749999999998208 0
275 0.08125000000001534 0.03437499999997522 0
276 0.08750000000000399 0.02812499999995381 0
277 0.08125000000000597 0.02812499999996189 0
278 0.09375000000000355 0.0312499999999546 0
279 0.093750000000002 0.02812499999994558 0
280 0.09375000000000669 0.03749999999997455 0
281 0.09375000000000513 0.03437499999996359 0
282 0.0812500000000259 0.04374999999999028 0
283 0.08750000000001221 0.04687499999999382 0
284 0.08125000000002885 0.04687499999999514 0
285 0.08750000000001297 0.04062499999998298 0
286 0.08125000000002297 0.04062499999998618 0
287 0.0937500000000063 0.04374999999998501 0
288 0.09375000000000649 0.04062499999997903 0
289 0.09375000000000569 0.046874999999994 0
$EndNodes
$Elements
304
1 1 2 10 2 2 20
2 1 2 10 2 20 21
3 1 2 10 2 21 22
4 1 2 10 2 22 23
5 1 2 10 2 23 24
6 1 2 10 2 24 25
7 1 2 10 2 25 26
8 1 2 10 2 26 27
9 1 2 10 2 27 28
10 1 2 10 2 28 29
11 1 2 10 2 29 30
12 1 2 10 2 30 31
13 1 2 10 2 31 32
14 1 2 10 2 32 33
15 1 2 10 2 33 34
16 1 2 10 2 34 3
17 1 2 11 3 3 35
18 1 2 11 3 35 36
19 1 2 11 3 36 37
20 1 2 11 3 37 38
21 1 2 11 3 38 39
22 1 2 11 3 39 40
23 1 2 11 3 40 41
24 1 2 11 3 41 42
25 1 2 11 3 42 43
26 1 2 11 3 43 44
27 1 2 11 3 44 45
28 1 2 11 3 45 46
29 1 2 11 3 46 47
30 1 2 11 3 47 48
31 1 2 11 3 48 49
32 1 2 11 3 49 4
33 1 2 12 4 4 50
34 1 2 12 4 50 51
35 1 2 12 4 51 52
36 1 2 12 4 52 53
37 1 2 12 4 53 54
38 1 2 12 4 54 55
39 1 2 12 4 55 56
40 1 2 12 4 56 57
41 1 2 12 4 57 58
42 1 2 12 4 58 59
43 1 2 12 4 59 60
44 1 2 12 4 60 61
45 1 2 12 4 61 62
46 1 2 12 4 62 63
47 1 2 12 4 63 64
48 1 2 12 4 64 1
49 3 2 100 6 4 50 116 49
50 3 2 100 6 50 51 114 116
51 3 2 100 6 116 114 76 115
52 3 2 100 6 49 116 115 48
53 3 2 100 6 51 52 119 114
54 3 2 100 6 52 53 117 119
55 3 2 100 6 119 117 74 118
56 3 2 100 6 114 119 118 76
57 3 2 100 6 76 118 123 122
58 3 2 100 6 118 74 120 123
59 3 2 100 6 123 120 68 121
60 3 2 100 6 122 123 121 75
61 3 2 100 6 48 115 125 47
62 3 2 100 6 115 76 122 125
63 3 2 100 6 125 122 75 124
64 3 2 100 6 47 125 124 46
65 3 2 100 6 53 54 128 117
66 3 2 100 6 54 55 126 128
67 3 2 100 6 128 126 79 127
68 3 2 100 6 117 128 127 74
69 3 2 100 6 55 56 131 126
70 3 2 100 6 56 57 129 131
71 3 2 100 6 131 129 77 130
72 3 2 100 6 126 131 130 79
73 3 2 100 6 79 130 135 134
74 3 2 100 6 130 77 132 135
75 3 2 100 6 135 132 66 133
76 3 2 100 6 134 135 133 78
77 3 2 100 6 74 127 137 120
78 3 2 100 6 127 79 134 137
79 3 2 100 6 137 134 78 136
80 3 2 100 6 120 137 136 68
81 3 2 100 6 68 136 141 140
82 3 2 100 6 136 78 138 141
83 3 2 100 6 141 138 83 139
84 3 2 100 6 140 141 139 82
85 3 2 100 6 78 133 144 138
86 3 2 100 6 133 66 142 144
87 3 2 100 6 144 142 80 143
88 3 2 100 6 138 144 143 83
89 3 2 100 6 83 143 148 147
90 3 2 100 6 143 80 145 148
91 3 2 100 6 148 145 65 146
92 3 2 100 6 147 148 146 81
93 3 2 100 6 82 139 151 150
94 3 2 100 6 139 83 147 151
95 3 2 100 6 151 147 81 149
96 3 2 100 6 150 151 149 67
97 3 2 100 6 46 124 154 45
98 3 2 100 6 124 75 152 154
99 3 2 100 6 154 152 85 153
100 3 2 100 6 45 154 153 44
101 3 2 100 6 75 121 156 152
102 3 2 100 6 121 68 140 156
103 3 2 100 6 156 140 82 155
104 3 2 100 6 152 156 155 85
105 3 2 100 6 85 155 159 158
106 3 2 100 6 155 82 150 159
107 3 2 100 6 159 150 67 157
108 3 2 100 6 158 159 157 84
109 3 2 100 6 44 153 161 43
110 3 2 100 6 153 85 158 161
111 3 2 100 6 161 158 84 160
112 3 2 100 6 43 161 160 42
113 3 2 100 6 57 58 164 129
114 3 2 100 6 58 59 162 164
115 3 2 100 6 164 162 88 163
116 3 2 100 6 129 164 163 77
117 3 2 100 6 59 60 167 162
118 3 2 100 6 60 61 165 167
119 3 2 100 6 167 165 86 166
120 3 2 100 6 162 167 166 88
121 3 2 100 6 88 166 171 170
122 3 2 100 6 166 86 168 171
123 3 2 100 6 171 168 70 169
124 3 2 100 6 170 171 169 87
125 3 2 100 6 77 163 173 132
126 3 2 100 6 163 88 170 173
127 3 2 100 6 173 170 87 172
128 3 2 100 6 132 173 172 66
129 3 2 100 6 61 62 176 165
130 3 2 100 6 62 63 174 176
131 3 2 100 6 176 174 90 175
132 3 2 100 6 165 176 175 86
133 3 2 100 6 63 64 178 174
134 3 2 100 6 64 1 5 178
135 3 2 100 6 178 5 6 177
136 3 2 100 6 174 178 177 90
137 3 2 100 6 90 177 181 180
138 3 2 100 6 177 6 7 181
139 3 2 100 6 181 7 8 179
140 3 2 100 6 180 181 179 89
141 3 2 100 6 86 175 183 168
142 3 2 100 6 175 90 180 183
143 3 2 100 6 183 180 89 182
144 3 2 100 6 168 183 182 70
145 3 2 100 6 70 182 187 186
146 3 2 100 6 182 89 184 187
147 3 2 100 6 187 184 93 185
148 3 2 100 6 186 187 185 92
149 3 2 100 6 89 179 189 184
150 3 2 100 6 179 8 9 189
151 3 2 100 6 189 9 10 188
152 3 2 100 6 184 189 188 93
153 3 2 100 6 93 188 192 191
154 3 2 100 6 188 10 11 192
155 3 2 100 6 192 11 12 190
156 3 2 100 6 191 192 190 91
157 3 2 100 6 92 185 195 194
158 3 2 100 6 185 93 191 195
159 3 2 100 6 195 191 91 193
160 3 2 100 6 194 195 193 69
161 3 2 100 6 66 172 198 142
162 3 2 100 6 172 87 196 198
163 3 2 100 6 198 196 95 197
164 3 2 100 6 142 198 197 80
165 3 2 100 6 87 169 200 196
166 3 2 100 6 169 70 186 200
167 3 2 100 6 200 186 92 199
168 3 2 100 6 196 200 199 95
169 3 2 100 6 95 199 203 202
170 3 2 100 6 199 92 194 203
171 3 2 100 6 203 194 69 201
172 3 2 100 6 202 203 201 94
173 3 2 100 6 80 197 205 145
174 3 2 100 6 197 95 202 205
175 3 2 100 6 205 202 94 204
176 3 2 100 6 145 205 204 65
177 3 2 100 6 65 204 209 208
178 3 2 100 6 204 94 206 209
179 3 2 100 6 209 206 99 207
180 3 2 100 6 208 209 207 98
181 3 2 100 6 94 201 212 206
182 3 2 100 6 201 69 210 212
183 3 2 100 6 212 210 96 211
184 3 2 100 6 206 212 211 99
185 3 2 100 6 99 211 216 215
186 3 2 100 6 211 96 213 216
187 3 2 100 6 216 213 72 214
188 3 2 100 6 215 216 214 97
189 3 2 100 6 98 207 219 218
190 3 2 100 6 207 99 215 219
191 3 2 100 6 219 215 97 217
192 3 2 100 6 218 219 217 71
193 3 2 100 6 69 193 222 210
194 3 2 100 6 193 91 220 222
195 3 2 100 6 222 220 101 221
196 3 2 100 6 210 222 221 96
197 3 2 100 6 91 190 224 220
198 3 2 100 6 190 12 13 224
199 3 2 100 6 224 13 14 223
200 3 2 100 6 220 224 223 101
201 3 2 100 6 101 223 227 226
202 3 2 100 6 223 14 15 227
203 3 2 100 6 227 15 16 225
204 3 2 100 6 226 227 225 100
205 3 2 100 6 96 221 229 213
206 3 2 100 6 221 101 226 229
207 3 2 100 6 229 226 100 228
208 3 2 100 6 213 229 228 72
209 3 2 100 6 72 228 233 232
210 3 2 100 6 228 100 230 233
211 3 2 100 6 233 230 103 231
212 3 2 100 6 232 233 231 102
213 3 2 100 6 100 225 235 230
214 3 2 100 6 225 16 17 235
215 3 2 100 6 235 17 18 234
216 3 2 100 6 230 235 234 103
217 3 2 100 6 103 234 237 236
218 3 2 100 6 234 18 19 237
219 3 2 100 6 237 19 2 20
220 3 2 100 6 236 237 20 21
221 3 2 100 6 102 231 239 238
222 3 2 100 6 231 103 236 239
223 3 2 100 6 239 236 21 22
224 3 2 100 6 238 239 22 23
225 3 2 100 6 71 217 243 242
226 3 2 100 6 217 97 240 243
227 3 2 100 6 243 240 105 241
228 3 2 100 6 242 243 241 104
229 3 2 100 6 97 214 245 240
230 3 2 100 6 214 72 232 245
231 3 2 100 6 245 232 102 244
232 3 2 100 6 240 245 244 105
233 3 2 100 6 105 244 247 246
234 3 2 100 6 244 102 238 247
235 3 2 100 6 247 238 23 24
236 3 2 100 6 246 247 24 25
237 3 2 100 6 104 241 249 248
238 3 2 100 6 241 105 246 249
239 3 2 100 6 249 246 25 26
240 3 2 100 6 248 249 26 27
241 3 2 100 6 42 160 252 41
242 3 2 100 6 160 84 250 252
243 3 2 100 6 252 250 108 251
244 3 2 100 6 41 252 251 40
245 3 2 100 6 84 157 255 250
246 3 2 100 6 157 67 253 255
247 3 2 100 6 255 253 106 254
248 3 2 100 6 250 255 254 108
249 3 2 100 6 108 254 259 258
250 3 2 100 6 254 106 256 259
251 3 2 100 6 259 256 73 257
252 3 2 100 6 258 259 257 107
253 3 2 100 6 40 251 261 39
254 3 2 100 6 251 108 258 261
255 3 2 100 6 261 258 107 260
256 3 2 100 6 39 261 260 38
257 3 2 100 6 67 149 264 253
258 3 2 100 6 149 81 262 264
259 3 2 100 6 264 262 110 263
260 3 2 100 6 253 264 263 106
261 3 2 100 6 81 146 266 262
262 3 2 100 6 146 65 208 266
263 3 2 100 6 266 208 98 265
264 3 2 100 6 262 266 265 110
265 3 2 100 6 110 265 269 268
266 3 2 100 6 265 98 218 269
267 3 2 100 6 269 218 71 267
268 3 2 100 6 268 269 267 109
269 3 2 100 6 106 263 271 256
270 3 2 100 6 263 110 268 271
271 3 2 100 6 271 268 109 270
272 3 2 100 6 256 271 270 73
273 3 2 100 6 73 270 275 274
274 3 2 100 6 270 109 272 275
275 3 2 100 6 275 272 112 273
276 3 2 100 6 274 275 273 111
277 3 2 100 6 109 267 277 272
278 3 2 100 6 267 71 242 277
279 3 2 100 6 277 242 104 276
280 3 2 100 6 272 277 276 112
281 3 2 100 6 112 276 279 278
282 3 2 100 6 276 104 248 279
283 3 2 100 6 279 248 27 28
284 3 2 100 6 278 279 28 29
285 3 2 100 6 111 273 281 280
286 3 2 100 6 273 112 278 281
287 3 2 100 6 281 278 29 30
288 3 2 100 6 280 281 30 31
289 3 2 100 6 38 260 284 37
290 3 2 100 6 260 107 282 284
291 3 2 100 6 284 282 113 283
292 3 2 100 6 37 284 283 36
293 3 2 100 6 107 257 286 282
294 3 2 100 6 257 73 274 286
295 3 2 100 6 286 274 111 285
296 3 2 100 6 282 286 285 113
297 3 2 100 6 113 285 288 287
298 3 2 100 6 285 111 280 288
299 3 2 100 6 288 280 31 32
300 3 2 100 6 287 288 32 33
301 3 2 100 6 36 283 289 35
302 3 2 100 6 283 113 287 289
303 3 2 100 6 289 287 33 34
304 3 2 100 6 35 289 34 3
$EndElements
