$MeshFormat
2.2 0 8
$EndMeshFormat
$Nodes
289
1 0 0 0
2 0.5 0 0
3 0.5 0.5 0
4 0 0.5 0
5 0.03124999999993658 0 0
6 0.06249999999988946 0 0
7 0.09374999999979934 0 0
8 0.1249999999997092 0 0
9 0.1562499999996184 0 0
10 0.1874999999995276 0 0
11 0.2187499999994368 0 0
12 0.2499999999993461 0 0
13 0.2812499999994278 0 0
14 0.3124999999995096 0 0
15 0.3437499999995913 0 0
16 0.374999999999673 0 0
17 0.4062499999997548 0 0
18 0.4374999999998365 0 0
19 0.4687499999999183 0 0
20 0.5 0.03124999999993658 0
21 0.5 0.06249999999988946 0
22 0.5 0.09374999999979934 0
23 0.5 0.1249999999997092 0
24 0.5 0.1562499999996184 0
25 0.5 0.1874999999995276 0
26 0.5 0.2187499999994368 0
27 0.5 0.2499999999993461 0
28 0.5 0.2812499999994278 0
29 0.5 0.3124999999995096 0
30 0.5 0.3437499999995913 0
31 0.5 0.374999999999673 0
32 0.5 0.4062499999997548 0
33 0.5 0.4374999999998365 0
34 0.5 0.4687499999999183 0
35 0.468750000000145 0.5 0
36 0.437500000000258 0.5 0
37 0.4062500000003446 0.5 0
38 0.37500000000038 0.5 0
39 0.3437500000005183 0.5 0
40 0.3125000000006461 0.5 0
41 0.2812500000008775 0.5 0
42 0.2500000000010297 0.5 0
43 0.218750000000901 0.5 0
44 0.1875000000007723 0.5 0
45 0.1562500000006436 0.5 0
46 0.1250000000005149 0.5 0
47 0.09375000000038614 0.5 0
48 0.06250000000025741 0.5 0
49 0.03125000000012873 0.5 0
50 0 0.468750000000145 0
51 0 0.437500000000258 0
52 0 0.4062500000003446 0
53 0 0.37500000000038 0
54 0 0.3437500000005183 0
55 0 0.3125000000006461 0
56 0 0.2812500000008775 0
57 0 0.2500000000010297 0
58 0 0.218750000000901 0
59 0 0.1875000000007723 0
60 0 0.1562500000006436 0
61 0 0.1250000000005149 0
62 0 0.09375000000038614 0
63 0 0.06250000000025741 0
64 0 0.03125000000012873 0
65 0.2500000000001878 0.2500000000001878 0
66 0.1250000000000939 0.2500000000006088 0
67 0.2500000000006088 0.3750000000000939 0
68 0.1250000000003044 0.3750000000002369 0
69 0.249999999999767 0.1250000000000939 0
70 0.1249999999999016 0.1250000000003044 0
71 0.3750000000000939 0.249999999999767 0
72 0.375000000000237 0.3749999999998835 0
73 0.3749999999998835 0.1249999999999016 0
74 0.0625000000001522 0.3750000000003085 0
75 0.1250000000004096 0.4375000000001185 0
76 0.06250000000020481 0.4375000000001883 0
77 0.06250000000004696 0.2500000000008192 0
78 0.1250000000001992 0.3125000000004229 0
79 0.06250000000009959 0.3125000000005345 0
80 0.1875000000001409 0.2500000000003983 0
81 0.2500000000003983 0.3125000000001409 0
82 0.1875000000004566 0.3750000000001654 0
83 0.1875000000002987 0.3125000000002819 0
84 0.2500000000008192 0.437500000000047 0
85 0.1875000000006144 0.4375000000000827 0
86 0.06249999999995079 0.1250000000004096 0
87 0.1249999999999978 0.1875000000004566 0
88 0.06249999999999888 0.1875000000006144 0
89 0.1249999999998054 0.0625000000001522 0
90 0.06249999999992012 0.06250000000020481 0
91 0.2499999999995565 0.06250000000004696 0
92 0.1874999999998343 0.1250000000001992 0
93 0.187499999999681 0.06250000000009959 0
94 0.2499999999999774 0.1875000000001409 0
95 0.1874999999999876 0.1875000000002988 0
96 0.3125000000004229 0.3749999999999887 0
97 0.3750000000003085 0.4374999999999417 0
98 0.3125000000005345 0.4374999999999943 0
99 0.3125000000001409 0.2499999999999774 0
100 0.3750000000001654 0.3124999999998253 0
101 0.3125000000002819 0.312499999999983 0
102 0.437500000000047 0.2499999999995565 0
103 0.4375000000001185 0.3749999999997783 0
104 0.4375000000000827 0.3124999999996674 0
105 0.4375000000001882 0.4374999999998892 0
106 0.3124999999998253 0.1249999999999978 0
107 0.3749999999999887 0.1874999999998343 0
108 0.312499999999983 0.1874999999999876 0
109 0.3749999999997783 0.06249999999995079 0
110 0.3124999999996674 0.06249999999999888 0
111 0.4374999999999417 0.1249999999998054 0
112 0.4374999999998891 0.06249999999992012 0
113 0.4374999999999943 0.187499999999681 0
114 0.0312500000001024 0.4375000000002232 0
115 0.06250000000023111 0.4687500000000941 0
116 0.03125000000011557 0.4687500000001196 0
117 0.0312500000000761 0.3750000000003443 0
118 0.0625000000001785 0.4062500000002484 0
119 0.03125000000008925 0.4062500000002965 0
120 0.09375000000022829 0.3750000000002727 0
121 0.125000000000357 0.4062500000001777 0
122 0.09375000000030721 0.4375000000001534 0
123 0.09375000000026776 0.406250000000213 0
124 0.1250000000004622 0.4687500000000592 0
125 0.09375000000034667 0.4687500000000767 0
126 0.03125000000004979 0.3125000000005903 0
127 0.0625000000001259 0.3437500000004214 0
128 0.03125000000006295 0.3437500000004699 0
129 0.03125000000002348 0.2500000000009245 0
130 0.06250000000007327 0.2812500000006768 0
131 0.03125000000003664 0.2812500000007772 0
132 0.09375000000007044 0.250000000000714 0
133 0.1250000000001465 0.2812500000005158 0
134 0.09375000000014938 0.3125000000004787 0
135 0.09375000000010991 0.2812500000005964 0
136 0.1250000000002518 0.3437500000003299 0
137 0.09375000000018884 0.3437500000003757 0
138 0.156250000000249 0.3125000000003524 0
139 0.1875000000003776 0.3437500000002237 0
140 0.1562500000003805 0.3750000000002012 0
141 0.1562500000003147 0.3437500000002768 0
142 0.1562500000001174 0.2500000000005036 0
143 0.1875000000002198 0.2812500000003401 0
144 0.1562500000001832 0.281250000000428 0
145 0.2187500000001644 0.2500000000002931 0
146 0.2500000000002931 0.2812500000001644 0
147 0.2187500000003486 0.3125000000002114 0
148 0.2187500000002565 0.2812500000002522 0
149 0.2500000000005036 0.3437500000001174 0
150 0.2187500000005327 0.3750000000001297 0
151 0.2187500000004406 0.3437500000001705 0
152 0.156250000000512 0.4375000000001006 0
153 0.1875000000006933 0.4687500000000414 0
154 0.1562500000005778 0.4687500000000503 0
155 0.1875000000005355 0.4062500000001241 0
156 0.1562500000004463 0.4062500000001509 0
157 0.250000000000714 0.4062500000000704 0
158 0.2187500000007168 0.4375000000000648 0
159 0.2187500000006248 0.4062500000000973 0
160 0.2500000000009245 0.4687500000000235 0
161 0.2187500000008089 0.4687500000000324 0
162 0.03124999999999944 0.1875000000006933 0
163 0.06250000000002293 0.2187500000007168 0
164 0.03125000000001146 0.2187500000008089 0
165 0.03124999999997539 0.1250000000004622 0
166 0.06249999999997483 0.156250000000512 0
167 0.03124999999998742 0.1562500000005778 0
168 0.09374999999992618 0.125000000000357 0
169 0.1249999999999497 0.1562500000003805 0
170 0.09374999999999831 0.1875000000005355 0
171 0.09374999999996224 0.1562500000004462 0
172 0.1250000000000459 0.2187500000005327 0
173 0.09375000000003438 0.2187500000006247 0
174 0.03124999999996006 0.06250000000023111 0
175 0.06249999999993545 0.09375000000030721 0
176 0.03124999999996773 0.09375000000034667 0
177 0.06249999999990478 0.0312500000001024 0
178 0.03124999999994832 0.03125000000011557 0
179 0.1249999999997573 0.0312500000000761 0
180 0.09374999999986276 0.0625000000001785 0
181 0.09374999999983105 0.03125000000008925 0
182 0.1249999999998535 0.09375000000022829 0
183 0.09374999999989447 0.09375000000026773 0
184 0.1562499999997432 0.0625000000001259 0
185 0.1874999999997576 0.09375000000014938 0
186 0.1562499999998679 0.1250000000002518 0
187 0.1562499999998056 0.09375000000018885 0
188 0.1874999999996043 0.03125000000004979 0
189 0.1562499999996808 0.03125000000006295 0
190 0.2499999999994513 0.03125000000002348 0
191 0.2187499999996187 0.06250000000007327 0
192 0.2187499999995278 0.03125000000003664 0
193 0.2499999999996617 0.09375000000007044 0
194 0.2187499999998006 0.1250000000001465 0
195 0.2187499999997097 0.09375000000010991 0
196 0.1562499999999927 0.1875000000003777 0
197 0.1875000000000642 0.2187500000003486 0
198 0.156250000000055 0.2187500000004406 0
199 0.1874999999999109 0.156250000000249 0
200 0.1562499999999303 0.1562500000003147 0
201 0.2499999999998722 0.1562500000001174 0
202 0.2187499999999825 0.1875000000002198 0
203 0.2187499999998916 0.1562500000001832 0
204 0.2500000000000826 0.2187500000001644 0
205 0.2187500000000734 0.2187500000002565 0
206 0.2812500000006768 0.4375000000000207 0
207 0.3125000000005903 0.4687499999999972 0
208 0.2812500000007772 0.4687500000000103 0
209 0.2812500000005158 0.3750000000000413 0
210 0.3125000000004787 0.4062499999999915 0
211 0.2812500000005964 0.406250000000031 0
212 0.34375000000033 0.3749999999999361 0
213 0.3750000000002728 0.4062499999999126 0
214 0.3437500000004215 0.437499999999968 0
215 0.3437500000003758 0.406249999999952 0
216 0.3750000000003443 0.4687499999999709 0
217 0.3437500000004698 0.468749999999984 0
218 0.2812500000003401 0.312500000000062 0
219 0.3125000000003524 0.3437499999999858 0
220 0.281250000000428 0.3437500000000516 0
221 0.2812500000001644 0.2500000000000826 0
222 0.3125000000002114 0.2812499999999802 0
223 0.2812500000002522 0.2812500000000723 0
224 0.3437500000001174 0.2499999999998722 0
225 0.3750000000001297 0.2812499999997961 0
226 0.3437500000002237 0.3124999999999041 0
227 0.3437500000001705 0.2812499999998881 0
228 0.3750000000002012 0.3437499999998543 0
229 0.3437500000002768 0.3437499999999201 0
230 0.4062500000001241 0.3124999999997463 0
231 0.4375000000001006 0.3437499999997229 0
232 0.4062500000001777 0.3749999999998309 0
233 0.4062500000001509 0.3437499999997886 0
234 0.4062500000000704 0.2499999999996617 0
235 0.4375000000000648 0.281249999999612 0
236 0.4062500000000973 0.2812499999997041 0
237 0.4687500000000235 0.2499999999994513 0
238 0.4687500000000414 0.3124999999995885 0
239 0.4687500000000324 0.2812499999995199 0
240 0.4687500000000592 0.3749999999997257 0
241 0.4687500000000503 0.3437499999996572 0
242 0.4062500000002484 0.4374999999999155 0
243 0.4375000000002232 0.4687499999999446 0
244 0.4062500000002965 0.4687499999999578 0
245 0.4375000000001533 0.4062499999998337 0
246 0.4062500000002131 0.4062499999998732 0
247 0.4687500000000941 0.4374999999998629 0
248 0.4687500000000767 0.4062499999997943 0
249 0.4687500000001196 0.4687499999999314 0
250 0.2812499999999802 0.1875000000000642 0
251 0.312500000000062 0.2187499999999825 0
252 0.2812500000000723 0.2187500000000734 0
253 0.2812499999997961 0.1250000000000459 0
254 0.3124999999999041 0.1562499999999927 0
255 0.2812499999998881 0.156250000000055 0
256 0.3437499999998543 0.1249999999999497 0
257 0.3749999999999361 0.1562499999998679 0
258 0.3437499999999858 0.1874999999999109 0
259 0.3437499999999201 0.1562499999999303 0
260 0.3750000000000413 0.2187499999998006 0
261 0.3437500000000516 0.2187499999998915 0
262 0.281249999999612 0.06250000000002293 0
263 0.3124999999997463 0.09374999999999831 0
264 0.281249999999704 0.09375000000003438 0
265 0.3124999999995885 0.03124999999999944 0
266 0.2812499999995199 0.03125000000001146 0
267 0.3749999999997257 0.03124999999997539 0
268 0.3437499999997229 0.06249999999997483 0
269 0.3437499999996572 0.03124999999998742 0
270 0.3749999999998309 0.09374999999992618 0
271 0.3437499999997886 0.09374999999996224 0
272 0.4062499999998337 0.06249999999993545 0
273 0.4374999999999154 0.09374999999986276 0
274 0.4062499999999126 0.1249999999998535 0
275 0.4062499999998731 0.09374999999989447 0
276 0.4374999999998628 0.03124999999996006 0
277 0.4062499999997942 0.03124999999996773 0
278 0.4687499999999445 0.06249999999990478 0
279 0.4687499999999314 0.03124999999994832 0
280 0.4687499999999709 0.1249999999997573 0
281 0.4687499999999577 0.09374999999983105 0
282 0.4062499999999915 0.1874999999997576 0
283 0.4375000000000207 0.2187499999996187 0
284 0.406250000000031 0.2187499999997097 0
285 0.437499999999968 0.1562499999997432 0
286 0.406249999999952 0.1562499999998056 0
287 0.4687499999999972 0.1874999999996043 0
288 0.468749999999984 0.1562499999996808 0
289 0.4687500000000103 0.2187499999995278 0
$EndNodes
$Elements
320
1 1 2 11 1 1 5
2 1 2 11 1 5 6
3 1 2 11 1 6 7
4 1 2 11 1 7 8
5 1 2 11 1 8 9
6 1 2 11 1 9 10
7 1 2 11 1 10 11
8 1 2 11 1 11 12
9 1 2 11 1 12 13
10 1 2 11 1 13 14
11 1 2 11 1 14 15
12 1 2 11 1 15 16
13 1 2 11 1 16 17
14 1 2 11 1 17 18
15 1 2 11 1 18 19
16 1 2 11 1 19 2
17 1 2 10 2 2 20
18 1 2 10 2 20 21
19 1 2 10 2 21 22
20 1 2 10 2 22 23
21 1 2 10 2 23 24
22 1 2 10 2 24 25
23 1 2 10 2 25 26
24 1 2 10 2 26 27
25 1 2 10 2 27 28
26 1 2 10 2 28 29
27 1 2 10 2 29 30
28 1 2 10 2 30 31
29 1 2 10 2 31 32
30 1 2 10 2 32 33
31 1 2 10 2 33 34
32 1 2 10 2 34 3
33 1 2 10 3 3 35
34 1 2 10 3 35 36
35 1 2 10 3 36 37
36 1 2 10 3 37 38
37 1 2 10 3 38 39
38 1 2 10 3 39 40
39 1 2 10 3 40 41
40 1 2 10 3 41 42
41 1 2 10 3 42 43
42 1 2 10 3 43 44
43 1 2 10 3 44 45
44 1 2 10 3 45 46
45 1 2 10 3 46 47
46 1 2 10 3 47 48
47 1 2 10 3 48 49
48 1 2 10 3 49 4
49 1 2 11 4 4 50
50 1 2 11 4 50 51
51 1 2 11 4 51 52
52 1 2 11 4 52 53
53 1 2 11 4 53 54
54 1 2 11 4 54 55
55 1 2 11 4 55 56
56 1 2 11 4 56 57
57 1 2 11 4 57 58
58 1 2 11 4 58 59
59 1 2 11 4 59 60
60 1 2 11 4 60 61
61 1 2 11 4 61 62
62 1 2 11 4 62 63
63 1 2 11 4 63 64
64 1 2 11 4 64 1
65 3 2 100 6 4 50 116 49
66 3 2 100 6 50 51 114 116
67 3 2 100 6 116 114 76 115
68 3 2 100 6 49 116 115 48
69 3 2 100 6 51 52 119 114
70 3 2 100 6 52 53 117 119
71 3 2 100 6 119 117 74 118
72 3 2 100 6 114 119 118 76
73 3 2 100 6 76 118 123 122
74 3 2 100 6 118 74 120 123
75 3 2 100 6 123 120 68 121
76 3 2 100 6 122 123 121 75
77 3 2 100 6 48 115 125 47
78 3 2 100 6 115 76 122 125
79 3 2 100 6 125 122 75 124
80 3 2 100 6 47 125 124 46
81 3 2 100 6 53 54 128 117
82 3 2 100 6 54 55 126 128
83 3 2 100 6 128 126 79 127
84 3 2 100 6 117 128 127 74
85 3 2 100 6 55 56 131 126
86 3 2 100 6 56 57 129 131
87 3 2 100 6 131 129 77 130
88 3 2 100 6 126 131 130 79
89 3 2 100 6 79 130 135 134
90 3 2 100 6 130 77 132 135
91 3 2 100 6 135 132 66 133
92 3 2 100 6 134 135 133 78
93 3 2 100 6 74 127 137 120
94 3 2 100 6 127 79 134 137
95 3 2 100 6 137 134 78 136
96 3 2 100 6 120 137 136 68
97 3 2 100 6 68 136 141 140
98 3 2 100 6 136 78 138 141
99 3 2 100 6 141 138 83 139
100 3 2 100 6 140 141 139 82
101 3 2 100 6 78 133 144 138
102 3 2 100 6 133 66 142 144
103 3 2 100 6 144 142 80 143
104 3 2 100 6 138 144 143 83
105 3 2 100 6 83 143 148 147
106 3 2 100 6 143 80 145 148
107 3 2 100 6 148 145 65 146
108 3 2 100 6 147 148 146 81
109 3 2 100 6 82 139 151 150
110 3 2 100 6 139 83 147 151
111 3 2 100 6 151 147 81 149
112 3 2 100 6 150 151 149 67
113 3 2 100 6 46 124 154 45
114 3 2 100 6 124 75 152 154
115 3 2 100 6 154 152 85 153
116 3 2 100 6 45 154 153 44
117 3 2 100 6 75 121 156 152
118 3 2 100 6 121 68 140 156
119 3 2 100 6 156 140 82 155
120 3 2 100 6 152 156 155 85
121 3 2 100 6 85 155 159 158
122 3 2 100 6 155 82 150 159
123 3 2 100 6 159 150 67 157
124 3 2 100 6 158 159 157 84
125 3 2 100 6 44 153 161 43
126 3 2 100 6 153 85 158 161
127 3 2 100 6 161 158 84 160
128 3 2 100 6 43 161 160 42
129 3 2 100 6 57 58 164 129
130 3 2 100 6 58 59 162 164
131 3 2 100 6 164 162 88 163
132 3 2 100 6 129 164 163 77
133 3 2 100 6 59 60 167 162
134 3 2 100 6 60 61 165 167
135 3 2 100 6 167 165 86 166
136 3 2 100 6 162 167 166 88
137 3 2 100 6 88 166 171 170
138 3 2 100 6 166 86 168 171
139 3 2 100 6 171 168 70 169
140 3 2 100 6 170 171 169 87
141 3 2 100 6 77 163 173 132
142 3 2 100 6 163 88 170 173
143 3 2 100 6 173 170 87 172
144 3 2 100 6 132 173 172 66
145 3 2 100 6 61 62 176 165
146 3 2 100 6 62 63 174 176
147 3 2 100 6 176 174 90 175
148 3 2 100 6 165 176 175 86
149 3 2 100 6 63 64 178 174
150 3 2 100 6 64 1 5 178
151 3 2 100 6 178 5 6 177
152 3 2 100 6 174 178 177 90
153 3 2 100 6 90 177 181 180
154 3 2 100 6 177 6 7 181
155 3 2 100 6 181 7 8 179
156 3 2 100 6 180 181 179 89
157 3 2 100 6 86 175 183 168
158 3 2 100 6 175 90 180 183
159 3 2 100 6 183 180 89 182
160 3 2 100 6 168 183 182 70
161 3 2 100 6 70 182 187 186
162 3 2 100 6 182 89 184 187
163 3 2 100 6 187 184 93 185
164 3 2 100 6 186 187 185 92
165 3 2 100 6 89 179 189 184
166 3 2 100 6 179 8 9 189
167 3 2 100 6 189 9 10 188
168 3 2 100 6 184 189 188 93
169 3 2 100 6 93 188 192 191
170 3 2 100 6 188 10 11 192
171 3 2 100 6 192 11 12 190
172 3 2 100 6 191 192 190 91
173 3 2 100 6 92 185 195 194
174 3 2 100 6 185 93 191 195
175 3 2 100 6 195 191 91 193
176 3 2 100 6 194 195 193 69
177 3 2 100 6 66 172 198 142
178 3 2 100 6 172 87 196 198
179 3 2 100 6 198 196 95 197
180 3 2 100 6 142 198 197 80
181 3 2 100 6 87 169 200 196
182 3 2 100 6 169 70 186 200
183 3 2 100 6 200 186 92 199
184 3 2 100 6 196 200 199 95
185 3 2 100 6 95 199 203 202
186 3 2 100 6 199 92 194 203
187 3 2 100 6 203 194 69 201
188 3 2 100 6 202 203 201 94
189 3 2 100 6 80 197 205 145
190 3 2 100 6 197 95 202 205
191 3 2 100 6 205 202 94 204
192 3 2 100 6 145 205 204 65
193 3 2 100 6 42 160 208 41
194 3 2 100 6 160 84 206 208
195 3 2 100 6 208 206 98 207
196 3 2 100 6 41 208 207 40
197 3 2 100 6 84 157 211 206
198 3 2 100 6 157 67 209 211
199 3 2 100 6 211 209 96 210
200 3 2 100 6 206 211 210 98
201 3 2 100 6 98 210 215 214
202 3 2 100 6 210 96 212 215
203 3 2 100 6 215 212 72 213
204 3 2 100 6 214 215 213 97
205 3 2 100 6 40 207 217 39
206 3 2 100 6 207 98 214 217
207 3 2 100 6 217 214 97 216
208 3 2 100 6 39 217 216 38
209 3 2 100 6 67 149 220 209
210 3 2 100 6 149 81 218 220
211 3 2 100 6 220 218 101 219
212 3 2 100 6 209 220 219 96
213 3 2 100 6 81 146 223 218
214 3 2 100 6 146 65 221 223
215 3 2 100 6 223 221 99 222
216 3 2 100 6 218 223 222 101
217 3 2 100 6 101 222 227 226
218 3 2 100 6 222 99 224 227
219 3 2 100 6 227 224 71 225
220 3 2 100 6 226 227 225 100
221 3 2 100 6 96 219 229 212
222 3 2 100 6 219 101 226 229
223 3 2 100 6 229 226 100 228
224 3 2 100 6 212 229 228 72
225 3 2 100 6 72 228 233 232
226 3 2 100 6 228 100 230 233
227 3 2 100 6 233 230 104 231
228 3 2 100 6 232 233 231 103
229 3 2 100 6 100 225 236 230
230 3 2 100 6 225 71 234 236
231 3 2 100 6 236 234 102 235
232 3 2 100 6 230 236 235 104
233 3 2 100 6 104 235 239 238
234 3 2 100 6 235 102 237 239
235 3 2 100 6 239 237 27 28
236 3 2 100 6 238 239 28 29
237 3 2 100 6 103 231 241 240
238 3 2 100 6 231 104 238 241
239 3 2 100 6 241 238 29 30
240 3 2 100 6 240 241 30 31
241 3 2 100 6 38 216 244 37
242 3 2 100 6 216 97 242 244
243 3 2 100 6 244 242 105 243
244 3 2 100 6 37 244 243 36
245 3 2 100 6 97 213 246 242
246 3 2 100 6 213 72 232 246
247 3 2 100 6 246 232 103 245
248 3 2 100 6 242 246 245 105
249 3 2 100 6 105 245 248 247
250 3 2 100 6 245 103 240 248
251 3 2 100 6 248 240 31 32
252 3 2 100 6 247 248 32 33
253 3 2 100 6 36 243 249 35
254 3 2 100 6 243 105 247 249
255 3 2 100 6 249 247 33 34
256 3 2 100 6 35 249 34 3
257 3 2 100 6 65 204 252 221
258 3 2 100 6 204 94 250 252
259 3 2 100 6 252 250 108 251
260 3 2 100 6 221 252 251 99
261 3 2 100 6 94 201 255 250
262 3 2 100 6 201 69 253 255
263 3 2 100 6 255 253 106 254
264 3 2 100 6 250 255 254 108
265 3 2 100 6 108 254 259 258
266 3 2 100 6 254 106 256 259
267 3 2 100 6 259 256 73 257
268 3 2 100 6 258 259 257 107
269 3 2 100 6 99 251 261 224
270 3 2 100 6 251 108 258 261
271 3 2 100 6 261 258 107 260
272 3 2 100 6 224 261 260 71
273 3 2 100 6 69 193 264 253
274 3 2 100 6 193 91 262 264
275 3 2 100 6 264 262 110 263
276 3 2 100 6 253 264 263 106
277 3 2 100 6 91 190 266 262
278 3 2 100 6 190 12 13 266
279 3 2 100 6 266 13 14 265
280 3 2 100 6 262 266 265 110
281 3 2 100 6 110 265 269 268
282 3 2 100 6 265 14 15 269
283 3 2 100 6 269 15 16 267
284 3 2 100 6 268 269 267 109
285 3 2 100 6 106 263 271 256
286 3 2 100 6 263 110 268 271
287 3 2 100 6 271 268 109 270
288 3 2 100 6 256 271 270 73
289 3 2 100 6 73 270 275 274
290 3 2 100 6 270 109 272 275
291 3 2 100 6 275 272 112 273
292 3 2 100 6 274 275 273 111
293 3 2 100 6 109 267 277 272
294 3 2 100 6 267 16 17 277
295 3 2 100 6 277 17 18 276
296 3 2 100 6 272 277 276 112
297 3 2 100 6 112 276 279 278
298 3 2 100 6 276 18 19 279
299 3 2 100 6 279 19 2 20
300 3 2 100 6 278 279 20 21
301 3 2 100 6 111 273 281 280
302 3 2 100 6 273 112 278 281
303 3 2 100 6 281 278 21 22
304 3 2 100 6 280 281 22 23
305 3 2 100 6 71 260 284 234
306 3 2 100 6 260 107 282 284
307 3 2 100 6 284 282 113 283
308 3 2 100 6 234 284 283 102
309 3 2 100 6 107 257 286 282
310 3 2 100 6 257 73 274 286
311 3 2 100 6 286 274 111 285
312 3 2 100 6 282 286 285 113
313 3 2 100 6 113 285 288 287
314 3 2 100 6 285 111 280 288
315 3 2 100 6 288 280 23 24
316 3 2 100 6 287 288 24 25
317 3 2 100 6 102 283 289 237
318 3 2 100 6 283 113 287 289
319 3 2 100 6 289 287 25 26
320 3 2 100 6 237 289 26 27
$EndElements
